[[
  [0,0,0,4,[3,"white2"]],
  [0,0,0,4,1],
  [0,0,[3, "white1"],4,4],
  [0,0,0,[2, "blue2"],0],
  [0,0,[2, "blue1"],0,0]
], "blue2",
["S","S"]]
[[
  [0,0,0,4,[3,"white2"]],
  [0,0,0,4,1],
  [0,0,[2, "white1"],4,4],
  [0,0,0,[2, "blue2"],0],
  [0,0,[2, "blue1"],0,0]
], "blue1",
["S","W"]]
[[
  [0,0,0,4,[3,"white2"]],
  [0,0,0,4,1],
  [0,0,[1, "white1"],4,4],
  [0,0,0,[2, "blue2"],0],
  [0,4,[2, "blue1"],0,0]
], "blue1",
["W","N"]]
[[
  [0,0,0,4,[3,"white2"]],
  [0,0,0,4,1],
  [0,0,[0, "white1"],4,4],
  [0,0,0,[2, "blue2"],0],
  [0,0,[2, "blue1"],0,0]
], "blue1",
["E","N"]]
[[
  [0,0,0,4,[3,"white2"]],
  [0,0,0,4,1],
  [0,0,[1, "white1"],4,4],
  [0,0,0,[2, "blue2"],0],
  [0,0,[2, "blue1"],0,0]
], "blue1",
["E","NE"]]
