[[
  [0,0,0,4,[3,"white2"]],
  [0,0,0,4,1],
  [0,0,[1, "white1"],4,4],
  [0,0,0,[2, "blue2"],0],
  [0,0,[2, "blue1"],0,0]
], "blue2",
["NW","SE"]]
[[
  [0,0,0,4,[3,"white2"]],
  [0,0,0,4,1],
  [0,0,[1, "white1"],4,4],
  [0,0,0,[2, "blue2"],0],
  [0,0,[2, "blue1"],0,0]
], "white1",
["SW","SW"]]
[[
  [0,0,0,4,[3,"white2"]],
  [0,0,0,4,1],
  [0,0,[1, "white1"],4,4],
  [0,0,0,[2, "blue2"],0],
  [0,0,[2, "blue1"],3,0]
], "blue1",
["E","E"]]
[[
  [0,0,0,4,[3,"white2"]],
  [0,0,0,4,1],
  [0,0,[1, "white1"],4,4],
  [0,0,0,[2, "blue2"],0],
  [0,0,[2, "blue1"],0,0]
], "blue1",
["NW","NE"]]
[[
  [0,0,0,4,[3,"white2"]],
  [0,0,0,4,1],
  [0,0,[4, "white1"],4,4],
  [0,0,0,[2, "blue2"],0],
  [0,0,[2, "blue1"],0,0]
], "blue2",
["SE","NW"]]
