["Place", "white",[
      [[0,"blue2"],0,0,0,0],
      [0,0,0,0,0],
      [0,0,0,0,0],
      [0,0,0,0,0],
      [0,0,0,0,[0,"blue1"]]
  ]]
["Play",[
  [1,[0,"blue2"],0,0,[0,"white1"]],
  [0,0,0,0,0],
  [0,0,0,0,0],
  [0,0,0,0,0],
  [[0,"white2"],0,0,0,[0,"blue1"]]
  ]]

["Play",[
  [1,[0,"blue2"],0,0,0],
  [0,0,0,0,[0,"white1"]],
  [0,0,0,0,1],
  [0,0,0,0,0],
  [[0,"white2"],0,0,[0,"blue1"],1]
  ]]

["Play",[
  [1,[0,"blue2"],0,0,0],
  [0,0,0,0,0],
  [0,0,0,0,[1,"white1"]],
  [0,0,0,0,1],
  [[0,"white2"],0,0,1,[1,"blue1"]]
  ]]
