[[
  [0,0,0,0,[1,"white2"]],
  [0,0,0,0,0],
  [0,1,[2, "white1"],3,4],
  [0,0,1,[2, "blue2"],3],
  [0,0,[2, "blue1"],0,0]
],
["get-height", "blue2", "N"]]
[[
  [0,0,0,0,[1,"white2"]],
  [0,0,0,0,0],
  [0,1,[2, "white1"],3,4],
  [0,0,1,[2, "blue2"],3],
  [0,0,[2, "blue1"],0,0]
],
["get-height", "blue2", "NE"]]
[[
  [0,0,0,0,[1,"white2"]],
  [0,0,0,0,0],
  [0,1,[2, "white1"],3,4],
  [0,0,1,[2, "blue2"],3],
  [0,0,[2, "blue1"],0,0]
],
["get-height", "blue2", "E"]]
[[
  [0,0,0,0,[1,"white2"]],
  [0,0,0,0,0],
  [0,1,[2, "white1"],3,4],
  [0,0,1,[2, "blue2"],3],
  [0,0,[2, "blue1"],0,0]
],
["get-height", "blue2", "SE"]]
[[
  [0,0,0,0,[1,"white2"]],
  [0,0,0,0,0],
  [0,1,[2, "white1"],3,4],
  [0,0,1,[2, "blue2"],3],
  [0,0,[2, "blue1"],0,0]
],
["get-height", "blue2", "S"]]
[[
  [0,0,0,0,[1,"white2"]],
  [0,0,0,0,0],
  [0,1,[2, "white1"],3,4],
  [0,0,1,[2, "blue2"],3],
  [0,0,[2, "blue1"],0,0]
],
["get-height", "blue2", "SW"]]
[[
  [0,0,0,0,[1,"white2"]],
  [0,0,0,0,0],
  [0,1,[2, "white1"],3,4],
  [0,0,1,[2, "blue2"],3],
  [0,0,[2, "blue1"],0,0]
],
["get-height", "blue2", "W"]]
[[
  [0,0,0,0,[1,"white2"]],
  [0,0,0,0,0],
  [0,1,[2, "white1"],3,4],
  [0,0,1,[2, "blue2"],3],
  [0,0,[2, "blue1"],0,0]
],
["get-height", "blue2", "NW"]]
