[[
  [0,0,0,0,[1,"white2"]],
  [0,0,0,0,0],
  [0,0,[0, "white1"],0,0],
  [0,0,[2, "blue2"],0,0],
  [0,0,[2, "blue1"],0,0]
],
["build", "blue2", "N"]]

[[
  [0,0,0,0,[1,"white2"]],
  [0,0,0,0,0],
  [0,0,[1, "white1"],0,0],
  [0,0,[2, "blue2"],0,0],
  [0,0,[2, "blue1"],0,0]
],
["occupied?", "blue2", "N"]]

[[
  [0,0,0,0,[1,"white2"]],
  [0,0,0,0,0],
  [0,0,[1, "white1"],0,0],
  [0,0,[2, "blue2"],0,0],
  [0,0,[2, "blue1"],0,0]
],
["build", "blue2", "N"]]

[[
  [0,0,0,0,[1,"white2"]],
  [0,0,0,0,0],
  [0,0,[2, "white1"],0,0],
  [0,0,[2, "blue2"],0,0],
  [0,0,[2, "blue1"],0,0]
],
["get-height", "blue2", "N"]]
