[[
  [0,0,0,0,[1,"white2"]],
  [0,0,0,0,0],
  [0,0,[0, "white1"],0,0],
  [0,0,0,[2, "blue2"],0],
  [0,0,[2, "blue1"],0,0]
],
["neighboring-cell-exists?", "white1", "N"]]

[[
  [0,0,0,0,[1,"white2"]],
  [0,0,0,0,0],
  [0,0,[0, "white1"],0,0],
  [0,0,0,[2, "blue2"],0],
  [0,0,[2, "blue1"],0,0]
],
["get-height", "white1", "SE"]]

[[
  [0,0,0,0,[1,"white2"]],
  [0,0,0,0,0],
  [0,0,[0, "white1"],0,0],
  [0,0,0,[2, "blue2"],0],
  [0,0,[2, "blue1"],0,0]
],
["move", "white1", "E"]]

[[
  [0,0,0,0,[1,"white2"]],
  [0,0,0,0,0],
  [0,0,[0, "white1"],0,0],
  [0,0,0,[2, "blue2"],0],
  [0,0,[2, "blue1"],0,0]
],
["build", "blue1", "N"]]

[[
  [0,0,0,0,[1,"white2"]],
  [0,0,0,0,0],
  [0,0,[0, "white1"],0,0],
  [0,0,0,[2, "blue2"],0],
  [0,0,[2, "blue1"],0,0]
],
["occupied?", "blue1", "N"]]
